-0.04462027 -0.01899770 -0.01217040
-0.01765891 0.01959740 0.04247476
-0.03157027 -0.00145801 -0.03874523
-0.00923196 -0.01093083 0.04790916
0.01421315 -0.02970328 -0.03762581
-0.00670427 0.04682532 0.01620007
-0.01251429 0.01435973 -0.04622976
0.03767805 -0.02941624 -0.01466456
0.04459289 -0.02232459 0.00361765
0.04668392 -0.01145791 0.01375965
-0.04917842 -0.00474240 0.00768069
-0.02890664 -0.00566748 -0.04040156
-0.03153840 0.03207249 0.02183310
0.00708591 -0.04918287 -0.00555296
-0.03070676 -0.02059303 -0.03366040
-0.01511540 0.01453417 0.04539034
-0.02763909 0.03987945 -0.01207104
0.04657841 0.01787722 -0.00329502
0.00464348 0.04960822 -0.00417887
-0.01714307 -0.03532733 0.03095311
0.00701160 0.02296893 0.04385506
-0.00296737 -0.02506953 0.04315916
0.01215792 -0.04115317 -0.02566323
0.02592534 -0.02821669 0.03212002
-0.04382435 -0.02038536 -0.01280091
0.04327832 0.02181665 0.01228907
0.02588972 0.03470851 0.02500083
-0.00183372 0.03818896 -0.03222174
-0.00517390 -0.00597046 0.04937190
0.02714106 0.03802952 -0.01780782
-0.02926422 -0.00490133 -0.04024403
0.00205830 0.04326594 -0.02497643